15
sphere.mesh 100.0	0 0.5 	0		  0.0 7.0 -60.0		0.0 1.0 0.0 0.0		0.8	0.2	0.2
sphere.mesh 100.0	0 0.5 	0		 -7.0 7.0 -72.0		0.0 1.0 0.0 0.0		0.8	0.2	0.2    
sphere.mesh 100.0	0 0.5 	0		  7.0 7.0 -72.0		0.0 1.0 0.0 0.0		0.8 0.8 0.2
sphere.mesh 100.0	0 0.5 	0		  0.0 7.0 -84.0		0.0 1.0 0.0 0.0		0.2	0.2	0.2
sphere.mesh 100.0	0 0.5 	0		-14.0 7.0 -84.0		0.0 1.0 0.0 0.0		0.8 0.8 0.2
sphere.mesh 100.0	0 0.5 	0		 14.0 7.0 -84.0		0.0 1.0 0.0 0.0		0.8	0.2	0.2
sphere.mesh 100.0	0 0.5 	0		-7.0  7.0 -96.0		0.0 1.0 0.0 0.0		0.8 0.8 0.2
sphere.mesh 100.0	0 0.5 	0		 7.0  7.0 -96.0		0.0 1.0 0.0 0.0		0.8	0.2	0.2
sphere.mesh 100.0	0 0.5 	0		-21.0 7.0 -96.0		0.0 1.0 0.0 0.0		0.8	0.2	0.2
sphere.mesh 100.0	0 0.5 	0		 21.0 7.0 -96.0		0.0 1.0 0.0 0.0		0.8 0.8 0.2
sphere.mesh 100.0	0 0.5 	0		  0.0 7.0 -108.0	0.0 1.0 0.0 0.0		0.8	0.2	0.2
sphere.mesh 100.0	0 0.5 	0		-14.0 7.0 -108.0	0.0 1.0 0.0 0.0		0.8 0.8 0.2
sphere.mesh 100.0	0 0.5 	0		 14.0 7.0 -108.0	0.0 1.0 0.0 0.0		0.8 0.8 0.2
sphere.mesh 100.0	0 0.5 	0		-28.0 7.0 -108.0	0.0 1.0 0.0 0.0		0.8 0.8 0.2
sphere.mesh 100.0	0 0.5 	0		 28.0 7.0 -108.0	0.0 1.0 0.0 0.0		0.8	0.2	0.2